Entry count: 06 00
Entry 1:
    Base:   00 00 00 00 00 00 00 00
    Size:   00 fc 09 00 00 00 00 00
    Type:   01 00 00 00                 usable
    ACPI:   01 00 00 00
Entry 2:
    Base:   00 fc 09 00 00 00 00 00
    Size:   00 04 00 00 00 00 00 00
    Type:   02 00 00 00                 reserved
    ACPI:   01 00 00 00
Entry 3:
    Base:   00 00 0f 00 00 00 00 00
    Size:   00 00 01 00 00 00 00 00
    Type:   02 00 00 00                 reserved
    ACPI:   01 00 00 00
Entry 4:
    Base:   00 00 10 00 00 00 00 00
    Size:   00 00 ee 07 00 00 00 00
    Type:   01 00 00 00
    ACPI:   01 00 00 00                 usable
Entry 5:
    Base:   00 00 fe 07 00 00 00 00
    Size:   00 00 02 00 00 00 00 00
    Type:   02 00 00 00                 reserved
    ACPI:   01 00 00 00
Entry 6:
    Base:   00 00 fc ff 00 00 00 00
    Size:   00 00 04 00 00 00 00 00
    Type:   02 00 00 00                 reserved
    ACPI:   01 00 00 00

Usable areas (1, 4):
    1:   0x0-0x9fc00
    4:   0x100000-0x7fe0000
    Size (sum): 0x807fc00 = 134740992 bytes ~= 128 MiB?


0000ff0 00 00 00 00 00 00 00 00 00 00 00 00 00 00 06 00
0001000 00 00 00 00 00 00 00 00 00 fc 09 00 00 00 00 00
0001010 01 00 00 00 01 00 00 00 00 fc 09 00 00 00 00 00
0001020 00 04 00 00 00 00 00 00 02 00 00 00 01 00 00 00
0001030 00 00 0f 00 00 00 00 00 00 00 01 00 00 00 00 00
0001040 02 00 00 00 01 00 00 00 00 00 10 00 00 00 00 00
0001050 00 00 ee 07 00 00 00 00 01 00 00 00 01 00 00 00
0001060 00 00 fe 07 00 00 00 00 00 00 02 00 00 00 00 00
0001070 02 00 00 00 01 00 00 00 00 00 fc ff 00 00 00 00
0001080 00 00 04 00 00 00 00 00 02 00 00 00 01 00 00 00
0001090 00 00 00 00 00 00 00 00 00 00 00 00 00 00 00 00
